             1             1             1             1
      0.863225       1.29955       1.14588      0.763119
      0.877765       1.49396      0.973636       1.17614
      0.770026       1.69721      0.702305       1.03794
      0.977873       2.01523      0.262789       1.51774
       1.07928       1.22281      0.373607       2.32167
       1.43526       1.85007      0.209977      0.829374
      0.863967       2.26192       0.65943      0.228785
      0.870541       2.10354      0.103872      0.473545
      0.947182       2.36449      0.792223             0
       1.41443       1.48549      0.727612      0.836447
       1.34863       2.10575       1.20613             0
       1.30844       2.09551      0.602359             0
       1.33492       1.67599      0.204987       1.00866
       1.29628       1.04963      0.276011       1.62294
       1.19405        0.8371      0.260163        1.2919
       1.07704      0.807951      0.861659       1.15713
       1.21622       1.15669      0.493856       0.24653
       1.26837       1.45905       1.23505      0.510939
       1.54613       1.11174       1.34234      0.928907
       1.24597      0.932639       2.30448             0
        1.4317      0.989335       2.20967      0.104178
       1.59918       1.10236       2.02925      0.588765
       1.30017       1.95543       1.08141      0.207188
       1.46308       2.40369        0.8888      0.112034
       1.28687       1.81752      0.157236      0.669127
       1.13872       1.00382      0.418556      0.850419
       1.17301      0.758752        1.3007       1.05368
       1.34554      0.741067      0.643126        1.1575
        1.1249      0.747983             0        1.2887
       1.25928       2.02956      0.105898      0.875571
       1.25689       1.88177       1.41812       1.08635
      0.942977      0.891761       2.09055        1.5495
      0.900765      0.366536       2.33112       1.64544
       1.66118      0.159906       1.33086        1.4479
       2.16936      0.993271      0.834101       1.33302
       2.18552      0.421492      0.268083        2.3064
       1.92546       1.38426      0.459889       1.65174
       1.56961      0.903146       1.04063      0.645104
       0.94035      0.613963        2.0686        1.3338
       1.14794       0.53454       2.79084       1.34469
       1.46423      0.691325       3.39866      0.930576
       1.31175       0.30237       3.04809       1.37652
       1.52887      0.539004       2.80945      0.780748
       1.27644      0.186489        3.2078       1.87794
       1.82183      0.390999       1.46162       1.56519
       2.25337      0.713914       1.13584       1.26632
       2.57701      0.918986        1.9998       1.29027
       2.52489       1.16456       1.37936       1.55105
       2.10301       1.67324       2.05266       1.43818
       2.15977         1.098      0.914936        1.8135
       2.15342       1.47574      0.631064      0.564458
       2.46346        1.3669      0.624203       1.00146
        2.7257      0.705375      0.894921       1.54469
       2.45884       1.28944       1.05237      0.819101
        2.5528        1.3462      0.919954       1.30818
       2.55128      0.581984       1.98201       1.41846
       2.70086      0.339368       1.97316       1.87196
       2.67539      0.708857       2.00644       1.75881
        2.2945       1.47358       1.07163       2.49808
        2.3517      0.879695       1.29782       2.56239
       2.73162       1.06197      0.238856       1.56655
        2.5601       1.15742      0.494671       1.42683
       2.40339       1.20926      0.087972       1.48672
       2.42477       1.34417     0.0673017       1.58314
       2.04775       1.43958      0.100638       1.29551
       1.39113       2.00684      0.437896      0.572692
       1.78063       1.51681      0.282623       1.41308
       1.94466       1.96859      0.156368      0.756476
       2.15223       1.62649    0.00161779      0.448661
       2.16512        1.0272      0.741544      0.765393
       2.23957       1.28494       0.67155      0.511217
       2.22365      0.585259      0.968726      0.750649
       2.24609      0.420605      0.196353       1.20848
       2.25603       1.20971      0.888379      0.339031
       2.51638      0.495568        1.2615       1.16445
       2.29723      0.760415      0.776344      0.942957
       2.45035       1.35369        1.0962      0.904738
       2.39277       1.11952        1.3137      0.773838
       2.02421       1.57517       1.75736      0.595664
       2.41424       1.36005       1.14365       1.29585
       2.40377       1.25899      0.472551       1.29514
       2.51559         1.129             0       1.47371
       2.47188      0.609462       0.47675       2.16646
       2.51177      0.749565      0.467722       1.60116
       2.65885       0.82498      0.411972      0.824706
       2.46051      0.743416      0.403593      0.586813
       2.90115      0.262122      0.809948      0.447675
       2.64116      0.324486       1.47304      0.118177
       2.81285      0.179071      0.243202      0.153586
       2.75213     0.0874042      0.315766     0.0222861
       2.56089      0.112571     0.0749085      0.400449
        2.3907     0.0624067      0.171694      0.538316
        2.3071      0.208857      0.945115      0.138977
       2.38073     0.0593552      0.790049     0.0155776
       2.49479      0.064752      0.929566             0
       2.57909             0        1.7173      0.544583
       2.89114             0       1.05965      0.905666
       3.19236      0.376879       1.34381        1.3357
       3.51179       0.79315       1.20716       1.04729
       3.31398      0.393637        1.0956      0.839464
        3.4793      0.812777      0.363879      0.491018
       3.82551      0.228174      0.594852       1.12535
       3.24334      0.239363     0.0716478       1.35113
       3.26419     0.0610057             0       2.01188
       3.45596             0      0.699374       1.83025
       3.49415       0.30915      0.596015       1.36157
       3.97055      0.866639       1.17377       1.10519
       3.93179      0.376021      0.161946       1.41132
       3.77581      0.705844      0.656735      0.700444
       3.15797         1.263      0.829982      0.016777
       2.89762       1.06612       2.34864             0
       2.88352      0.818025      0.983545      0.738395
       2.67506       1.26259        1.2665      0.172934
       2.62618      0.975386       1.67573      0.624881
       2.12077      0.649505       2.28411       0.99671
       1.47194      0.588495       1.73876      0.884514
       1.55741      0.751861       2.21232      0.876356
       1.62392      0.484233       2.26934      0.919764
       1.39336      0.106105       3.07217      0.389031
       1.30355      0.578805       3.22915      0.717434
       1.35161      0.611789       2.82441      0.166011
       1.22135      0.572498       1.95638      0.566053
       1.40061      0.108977        1.5817       1.23269
       1.60055      0.146831      0.681505       1.39799
       1.26747       0.12882      0.569886       1.89198
      0.975148      0.357482        1.0241       3.01984
      0.754254      0.384252       0.43562        3.3183
       1.02363       0.34023       1.00636       2.48738
      0.769922      0.572033       1.78256       2.22644
      0.537246      0.673714       1.04373       2.04799
      0.197055       1.01298       2.36131       1.51617
      0.334012      0.722835       2.41025       1.49106
      0.183672       0.46295       3.67021       1.73744
             0      0.657578       4.52482       1.36399
      0.619905       1.24683       3.80701       1.22376
      0.639886       1.42234         3.135       1.50278
      0.801016       1.61079        2.4944       1.08193
      0.558024       1.03905       2.89767       1.69055
      0.355653       1.50616       2.58416       2.01763
      0.290448       1.30732       1.66473        2.0741
      0.354506       1.40078       1.40992       2.19231
      0.461563       1.54556       1.04031       1.69012
      0.895482       1.03308       1.01509       2.08158
      0.957251       1.42097      0.731431       1.49235
      0.745011       1.74135       1.04496       1.42948
        0.6586       1.84799      0.888358       1.01887
      0.492603        1.0318      0.693776       2.46446
      0.599249             0      0.458539       3.64443
      0.561794       1.02957      0.235949       1.93821
       0.48019       1.21216      0.503421       1.56235
      0.509086          1.13       1.06519       1.58837
      0.456759       1.44876       1.94601      0.446433
      0.193614       1.56571       2.12396       0.56041
      0.552641       1.50211       1.14638      0.514965
      0.719703       1.81755      0.408148      0.204496
      0.728985       1.73823      0.555885      0.780875
      0.388657       1.72014       1.42516      0.684259
      0.489923       1.32075       2.34449      0.422948
      0.534111      0.429838      0.720386       1.65151
      0.609662       0.24178      0.775614       1.81804
      0.630629      0.162325       0.58395       2.36072
      0.424877      0.350073       1.26863       2.03164
      0.434032      0.133841       1.16222       1.78245
       0.45065      0.613194       1.31808      0.716516
      0.296314      0.129077       1.75424       1.03313
      0.180506     0.0631533       1.73553       1.31538
      0.132521     0.0317983      0.986836      0.885203
     0.0517934      0.181838      0.741371      0.820383
    0.00424154      0.601735      0.797792      0.890384
     0.0268522      0.627275             0       1.13954
     0.0171031      0.878739             0       1.77808
      0.060617      0.626309      0.582787       2.02945
    2.5456e-05      0.052637       1.18465       2.83372
      0.127662      0.385507      0.916268       2.69394
      0.345663       1.22502       1.17007       2.18479
      0.192654      0.390735      0.754603       2.92411
      0.197477       0.43354       1.65792       2.80852
      0.176177      0.209373      0.853581       2.60333
      0.348477      0.402921       1.22212       2.27813
      0.369589       1.14294      0.581704         2.003
      0.012432      0.172808       1.16992       2.45072
     0.0978369       1.01565       1.30239       1.57834
     0.0323365      0.881817      0.931566      0.940026
             0      0.394333      0.713181       1.80704
      0.101942         1.087      0.656487      0.601593
     0.0246362      0.417176      0.695858      0.780952
     0.0153002      0.436596      0.320088      0.381031
      0.139801      0.317955      0.584878      0.541098
             0     0.0940909      0.121776      0.924463
    0.00702558             0      0.498533       1.23329
      0.114915     0.0795088      0.450808      0.665889
     0.0264751      0.471689      0.296579     0.0397012
      0.128504      0.381747             0      0.422765
      0.211367      0.276172      0.301301      0.232563
      0.173186      0.202642       0.32485      0.561972
     0.0527103      0.260154       1.03007      0.147304
     0.0637565      0.506552      0.296812      0.691078
      0.130686      0.687088      0.977008      0.290671
     0.0226075      0.840812       2.52034      0.115219
             0       1.02523       3.38116       0.30769
             0       1.24808       2.30687      0.727126
      0.250965        1.6502       2.30401      0.198304
    0.00905461       1.97303       2.27079      0.544791
      0.084148       1.44756       2.83628       1.23099
      0.438499      0.408035       3.48852       1.80436
        0.3576      0.717808       2.96659       1.70124
       0.26824       1.00827       3.44143       1.98115
       0.11557      0.787074        3.3761       1.06138
      0.112022      0.503227       1.70861       1.50488
      0.164237      0.919324        2.6042      0.662656
      0.294757       1.39307       2.62209    0.00404552
       0.35081       1.64026       1.69502      0.442671
      0.466162       1.10417        1.0105      0.694476
      0.567255       1.06457      0.430887       1.09536
      0.985232       1.24506      0.777294      0.411468
       0.98988       1.70486      0.756768      0.329763
        1.1089       1.16171      0.599494      0.789362
       1.00506       1.31385      0.801269      0.593026
      0.976532        1.1078      0.756615       1.24759
      0.853065      0.858077      0.351261       1.10155
       1.08947      0.888082       0.48282       1.05953
      0.707173      0.801973      0.850975      0.984249
      0.383604      0.374669       1.51921      0.296013
      0.512332      0.379813      0.196705     0.0731382
      0.577657      0.324286      0.733351      0.340371
      0.615448      0.274692       1.56245      0.968614
      0.643003      0.499231      0.827522       1.42712
      0.643463     0.0979967       1.16897      0.870921
       0.99971      0.914169       1.00223             0
      0.984139       1.01195       1.81951      0.568717
      0.467454       1.36337       2.68654      0.851448
      0.282806       1.38393       2.14884       1.93334
      0.154986       1.11476        3.1105      0.859475
             0      0.723917       4.30322     0.0660837
      0.619957             0       4.76176       1.20429
     0.0385354      0.145247       5.92141      0.339058
             0      0.355854        6.4545      0.151066
      0.634269        0.2292       4.20799       1.40405
       1.03042             0       3.65985       2.84991
       1.27238         0.235       2.36329       4.08979
      0.720682      0.934255       2.76584       3.64249
      0.611657      0.991009       3.50808       2.72846
      0.736812       1.09534       3.31357       2.69672
      0.770509      0.731524       3.02465        2.6253
      0.981032       1.63016       2.64549      0.762933
      0.813184       0.94862       2.49839        1.1643
       1.31614       1.35125       2.55019      0.529069
       1.29046       2.65792       1.94037      0.583585
       1.15669       2.24048       2.77231      0.983918
       1.55715       1.68414       2.28442       2.04522
       1.74582       1.44923       2.50183       2.73918
       1.29843       1.68142       2.79687       2.57864
      0.853943       1.76047       2.43796       2.47134
       1.16762      0.679396       2.23599       3.32958
       1.03505       1.36183       1.13504        2.8361
       1.07072      0.996404       1.82547       2.74371
       1.04971     0.0720485       1.40115       3.03989
       1.08362             0       1.78172       3.61567
       1.17671      0.410208       1.83753       3.83221
       1.19707       1.15291        1.4355       3.26499
       1.18691       1.21764      0.948805       3.18518
       1.26043       1.45141      0.833566       2.70397
       1.46612        1.9515       2.07857       2.63168
       1.53834       2.22884       1.20925       2.81186
       1.69871       3.36429      0.182626       2.40275
       1.60809       3.96516      0.148171       1.41037
       1.46329       2.94529      0.228342       1.84004
       1.66536       2.69306        0.3743       1.39909
         1.557       2.75433      0.910568       0.77044
       2.01183       2.05283       1.28769       1.72389
       2.04411       1.34889        1.7515       1.85105
       1.57218       2.65818       1.00633       2.80363
       1.85492       2.83611       0.58612       2.37346
       1.68444        2.7699      0.701942       2.11359
       1.54407        2.1246      0.612208       2.25177
       1.27199       1.57347      0.176434       3.36243
       1.26386        1.2899      0.427161       3.52322
      0.806356       2.08775       0.70951       2.71152
      0.691567       1.64832      0.236437       4.11943
      0.833186       2.07772      0.155089       2.28367
      0.604134       1.60465      0.505084       2.86741
      0.503396       1.01758             0       3.65648
      0.499647       1.47574      0.252489       2.37544
      0.385957       2.49083      0.232804       1.60579
       0.51206       2.21492     0.0959299       2.49302
      0.468608       2.80353             0        2.0852
      0.574515       1.83597             0       3.15044
      0.522231       1.67972     0.0891218       2.45983
      0.414456       1.83051      0.683617        2.9685
      0.265647        1.8829      0.697177       1.82533
      0.114422      0.725493      0.726969       2.65881
       0.18178      0.631752      0.247486       2.68626
      0.296296       1.88488      0.856594       1.07716
      0.408372       2.02013       1.27423      0.390894
      0.424083      0.791436      0.917859       1.66154
      0.374866      0.989209      0.755469       1.19837
      0.278475       1.69096       1.54749      0.494621
      0.604153       1.37062       1.47687        1.4728
      0.319759        1.1287       1.91195      0.621229
      0.376857      0.841464       2.57421       1.22139
      0.530542       1.25767       1.60764      0.215452
       0.61661       1.36014      0.784952      0.472045
      0.407325       2.17939       1.42419     0.0423471
      0.592636       1.78636       1.38308      0.553681
       0.65784      0.578619       2.77599      0.450541
      0.775106      0.318836       3.50548      0.448865
       1.07561      0.497336       2.64998      0.232521
        1.3879       0.43771       1.85672      0.778777
      0.973377     0.0933128       1.71628        1.3645
      0.817948       0.59248       2.23469      0.485718
      0.470569      0.147164        1.5624      0.940207
      0.334485      0.303849       1.62622      0.984781
      0.437661     0.0825712       1.82369       1.53655
      0.700977       1.17739      0.452489        1.5533
      0.538991        1.4299      0.781083       1.24227
      0.471789       1.81166             0      0.685897
      0.345159       1.59578      0.452886      0.978439
      0.529881        1.8116      0.121788       1.34047
      0.519387       1.10853      0.439884       2.66619
      0.493446       1.00241    0.00757801       2.39944
      0.525799       2.16794      0.483901       2.13812
      0.453842       2.63079      0.550795      0.821073
      0.575758       3.47071       0.23874       0.47935
      0.519838       4.18737      0.679325     0.0425267
      0.499098       3.55055       1.43291       1.06781
      0.662726       2.50434       1.92615      0.741487
      0.574063       1.13052       2.86999       2.04298
      0.407436      0.157083        3.6882       2.63991
      0.502824      0.390914       3.58025       2.11623
      0.169112       1.08402       3.64088       2.01857
      0.378327      0.113637       3.88031        3.1516
      0.254197       1.26814       2.85362       1.92525
      0.329862       1.16066       2.14582       1.70145
      0.251009       1.09344       1.23282       2.36398
      0.125537       1.79369       1.15836       1.58187
      0.118704       2.06353      0.987431        1.5065
     0.0799369       1.99271      0.640768       1.49291
      0.158487       2.40937      0.723899       1.19851
      0.119249       1.83325      0.179627       1.81139
      0.159779       2.04511       0.54798      0.929552
       0.22469       2.50161       1.11835      0.312965
     0.0983929       2.36003      0.435573       0.62873
      0.058947         2.156       1.23812       1.08561
     0.0299291       1.63018       1.77591      0.879875
      0.377274       1.60718      0.941533      0.964416
      0.369566       0.78498       0.92365        1.8086
      0.414183     0.0939146      0.279382       2.80767
      0.353383      0.208732             0       2.67098
      0.153877      0.251894       1.22963       2.71158
     0.0255129      0.684665       3.06996       1.64798
      0.593638       1.15245       3.81474       1.13806
       1.23205       1.14519       3.35238      0.754972
      0.851321       1.14881       4.61071      0.956051
      0.633345       1.42505       4.70502             0
       0.73326       1.20981       4.55824      0.493049
      0.706696       1.35574       2.99986      0.277788
      0.646297       1.62012       1.90156      0.245456
      0.498273      0.941853       1.51739      0.777961
      0.467068      0.812058       2.53883      0.175111
      0.235148      0.960125       2.01016      0.305758
      0.287998       1.01004       1.51673       0.30942
             0      0.716358       1.20171      0.227618
      0.303827      0.634693       1.38414      0.648694
       0.24529      0.433156       1.75315       1.08086
      0.263217             0       1.78569       1.94586
      0.405079      0.483304       1.35549       1.00374
      0.109587      0.523009       1.30093      0.799297
      0.313025      0.709822       1.04856       1.23193
      0.566724       1.80834      0.809235      0.331026
       0.48101      0.971281       0.13681       1.14901
      0.530735      0.098005      0.471238       1.91619
      0.670788     0.0668092      0.887234       1.78426
      0.569713      0.474044      0.923184       1.63105
      0.396591      0.546425      0.601822        1.1432
      0.477133      0.270848       0.34291       1.10175
      0.474382      0.173956       1.13417      0.745028
      0.501682      0.126282       1.03034      0.593279
      0.315686      0.247766        1.3078      0.400266
      0.685302      0.287271       1.21952             0
      0.687558      0.268274       1.23075             0
      0.949896      0.433446       1.46671             0
      0.829574      0.191585       1.59245      0.345242
      0.811052     0.0101893       1.82702       1.88379
      0.499705      0.182636       2.63983       3.72549
      0.590768      0.552806       1.26691       3.66168
      0.818578      0.583107      0.480405        3.5288
      0.864816       1.21166     0.0308397       1.80488
      0.741812      0.624964      0.238939       2.35237
      0.835657       1.44772      0.505628       1.37301
      0.844174        1.4615      0.203624       1.42136
      0.932665       0.92712       1.05578       1.89393
       1.10271       1.07979      0.656266       2.07467
      0.977131       1.04885     0.0695033       1.95464
       1.05581      0.883561             0       3.07956
       1.07756      0.413381      0.617567        3.5445
       1.17601       1.50715             0       2.21629
       1.12199       2.17878      0.178589        1.6559
      0.813445       2.82823      0.395679      0.698551
      0.723894       2.72242             0      0.948286
      0.777834        3.1349      0.227967      0.589319
      0.500231       1.98516      0.576594       1.26888
      0.680831       2.15241      0.692555      0.712373
      0.420166       2.25558       1.04151      0.578762
      0.450731       2.25644        1.8004       1.03902
      0.555293       2.39753       1.56235      0.422768
      0.666415      0.649581       3.30525       2.52896
      0.329079      0.842771       3.54192       2.87787
      0.730797       1.42447       3.32758       2.47081
      0.685374       1.79287       4.44105        2.0393
      0.846971       2.94611       3.37962       1.03019
      0.771093       2.33078       3.79239       1.22986
      0.537861       1.36446       3.75669       1.43772
      0.517019      0.229517       3.87974       2.13096
      0.855708      0.927225       2.71379      0.624632
      0.923791       1.17308       2.36399             0
       1.12271      0.911109       2.02428      0.553743
       1.27931      0.149453       2.06497      0.678676
       1.33563      0.541996       2.37916       0.70053
       1.08633         1.023       2.42731             0
       1.06661       0.98036      0.939339      0.676438
       1.47186       1.41046       1.52194      0.345897
       1.18039       1.65009       1.26634             0
        1.2705        1.1809       1.77779      0.504752
       1.26992       1.51315       2.07409     0.0294037
       1.19434      0.606563       1.79262       1.17874
      0.944663      0.982422       1.86433      0.897507
      0.584477        0.2472       2.46602       1.50888
      0.562753      0.189257       3.62302       1.66473
      0.173725      0.656473        3.9918       1.40453
      0.284414      0.659702       3.00756       2.26498
      0.617114       1.21005       2.97798       1.73699
      0.604141       1.65587       2.21219       1.66129
      0.958148       2.57144       1.16909        1.1964
        1.0188       2.83812      0.801304       1.56395
      0.707203       2.15489       2.11101       1.80788
      0.594023       1.13387       2.34038       3.24204
       1.32389       1.69258       1.63803       2.89163
       1.78948       1.74611      0.395191       2.60887
       1.72954       1.99238             0       1.67167
       1.90546       2.08617      0.112314       1.45329
       1.79086       1.46214       1.14738        2.7305
       1.59811       1.81593      0.597471       1.54131
       1.70344      0.735965     0.0580474       2.44248
       1.72334      0.430427       1.09721       1.96057
       1.39408       1.10853       1.56227      0.994132
       1.52362       1.20905       1.15557        1.4474
       1.50806      0.802193       1.23477       2.13868
       1.66734       1.09321       1.44914       2.27938
       1.16452       1.05365       1.31911       2.68574
       1.20232       1.98549       1.49198       1.16989
       1.58083       1.66953       1.60454      0.356878
       1.82534       2.18012       1.32768      0.998805
       2.06313       3.47328       1.85013             0
       2.14473       3.12032       1.25225      0.721342
       2.14541       2.59095       0.77224       1.69149
       2.20515       1.23664      0.548429       3.21733
       1.91105             0     0.0303594       4.36158
       1.75634             0     0.0222916       4.75474
       2.00463      0.122315      0.454797        3.9438
       1.64635     0.0896709      0.580438       3.01255
       1.70965       0.47808      0.981814       2.39737
       1.58045             0       2.35098       2.78003
       1.59596      0.170711       2.70382       2.10625
       1.59957      0.930905       2.18165       1.76937
       1.62822      0.775656       1.93522       1.99954
       1.18375      0.528002       1.82789       2.82392
       1.02428      0.939339       1.59991       1.97511
       1.21539      0.624713        1.9644       2.67464
       1.41469      0.723404       1.22498       2.01887
       1.35715       1.62734       1.78638       1.81978
       1.04965        1.6663        1.0492       1.48153
       1.36441       1.27661       1.69847       2.15211
       1.34867      0.854799       1.89281       2.26932
       1.07746      0.995407       2.12971       1.67019
       1.52963        1.4943       1.46937      0.446591
       1.43768       1.07464       1.88867       1.20763
       1.53288      0.855802       1.85225       1.74523
       1.26556       2.10656       3.30679      0.227073
       1.52523       1.38148       2.99058      0.820178
       1.14813       0.30913       3.48708       2.16294
       1.15244      0.594032       3.25785       2.36408
       1.34471        0.4823       0.96008       3.34023
       1.69379       0.39289      0.984009       4.02191
       1.87242       1.07684       1.43336       3.53882
       2.14956       1.58353       1.01702        2.2435
       2.09066       3.21951      0.785002        0.2782
       2.07997       2.93206      0.779562      0.904444
       2.26674       2.30211      0.184562       1.93815
       2.27931       2.53332      0.979785      0.875081
       1.70315       1.27862      0.566349         1.782
       2.16058       2.12625       0.79233      0.555165
       1.62174       1.84082      0.645178      0.806721
       1.63023       1.57786      0.195663       1.22222
        1.3273      0.764469      0.716739       1.97332
       1.51985       0.88186      0.206887       1.96118
       1.43053      0.531235     0.0320451       2.25557
       1.71522             0      0.337025       2.51155
       1.85199      0.638021      0.284436       1.45225
       2.56645       1.02366      0.487322      0.630546
       2.71578      0.664492      0.371556      0.379538
       2.79137      0.398563      0.549318      0.717194
       2.81885      0.908053      0.451153      0.805992
       2.78065       1.02524      0.721037      0.764123
       2.80719      0.656901      0.834921       1.30532
       3.57332       1.25676      0.502095      0.795257
        3.2105        1.2191       0.39727      0.768732
       2.86422       1.44108       1.41411      0.358962
       2.03659       1.28554       1.30136       1.39695
       1.30785       1.14288       2.26776       1.63249
       1.99246       1.72243       2.47917       1.60049
       1.52741        2.0781       1.55782       2.33143
       1.25684      0.394117        1.6823       2.93174
       1.18532      0.571881       1.75857       2.00701
       1.58314        1.2221      0.988809        1.8514
       1.19084      0.280454       2.49668        3.6684
      0.858154     0.0392666       2.03848       4.47698
      0.910223      0.823844        2.0488       3.82188
       1.12959      0.635837        2.2552       3.39212
       1.31319       1.27222       1.70617        2.7271
       1.54435       1.15301       1.69605       3.45789
       1.47497       1.93223       1.74681       2.16339
       1.28698       1.58204       2.35483       1.33698
       1.16016       1.33827       2.64669       2.65172
      0.850796       1.21882       1.30512       3.18672
       0.88992        2.1199       2.26736       2.39258
       1.01887       1.75661       2.06964       2.91262
      0.911558       1.42954       1.90755       2.30154
        1.0636       1.78751         1.815       1.43672
       1.35281       1.26202       2.10565       1.15537
       1.04021       1.13563       2.27055       1.78531
      0.930824      0.802732       3.09268       1.34572
       0.97695      0.361171       4.04757       1.39814
       1.37919      0.248975       3.00204       1.86731
       1.23712       0.22826       2.26302       1.58677
       1.08343       0.37352       2.25608       1.09499
      0.700791      0.910798       1.89232      0.607486
      0.894939       1.03768       1.72886      0.382803
        1.0999      0.453381       1.41432       1.39837
       1.19422             0       1.77273       2.68673
       1.15031       0.13406       2.35082       2.22714
        1.4665             0       2.71359       2.60381
        1.6727      0.159012       2.38954       2.97236
       1.93269             0       1.57436       4.10132
       1.67022      0.982793       1.16661       3.92609
       1.64339      0.974929      0.697381       3.07408
       1.60692       2.24708      0.570861       2.12062
       1.92306       2.17151      0.250634       1.80193
       1.93603       1.54109      0.107009       2.51412
       1.72078       2.32422      0.149781        1.5719
       1.52093       1.57102      0.268506       2.19898
        1.5001       1.77818      0.963518       2.26481
       1.19705       1.52988      0.413364       1.90682
       1.20508       2.40315       1.45063      0.721856
       1.32472      0.963204      0.937413       2.86008
       1.11016      0.956071      0.633402        3.6993
      0.882276       1.91089        0.4156       2.81209
      0.636386       3.64709      0.357059       1.32374
      0.772014       3.86804       1.00561      0.527372
      0.794827       4.33741      0.784952       0.45091
      0.852437       2.60031      0.546718       1.93225
      0.992671       3.40212     0.0925596      0.949475
      0.958021       2.84659      0.345151       2.76509
      0.727476       2.49772       0.21994        2.5793
      0.724211       2.01109      0.525035       2.69727
      0.748191       2.31094         1.733       2.03463
       1.06511        1.1535       1.26363       3.49035
       1.11981      0.610765       1.15717       3.18983
       1.13754      0.886815      0.422246        3.7449
       1.06698      0.964112      0.428504       2.31085
       1.06356       2.16846      0.454319       1.37201
       1.12563       1.69076      0.831672       1.95815
      0.873785       1.62223       1.18194       1.94434
       1.10646      0.917398       1.25188       2.94543
      0.861733       1.03235       1.03366       2.70611
      0.452685       1.17013       1.84742       2.28327
      0.532423       1.44285       2.07571       1.95259
      0.658355       1.95311       2.33733       1.93033
      0.565728       1.89105       1.42711       2.78621
      0.965693       2.02914      0.868611        1.9697
      0.753244       1.54803      0.993713       1.78963
      0.972766      0.295327       1.15007       2.93444
      0.909278       1.08341      0.705055       1.93531
      0.786193       1.03092      0.540289       1.94249
      0.742415      0.917861      0.444069       1.63014
      0.572508       1.36128       0.25408       1.13973
      0.879307       1.64629       1.15593             0
      0.569646      0.989128       1.35432      0.779026
      0.484982       0.72882       1.30714      0.632414
      0.418096      0.290232      0.423385       1.09297
      0.291962      0.772812      0.406876      0.471194
      0.356472      0.722939       0.76045       0.49412
      0.464238       1.22191             0      0.386983
      0.654013       1.51149        1.1158       0.20188
      0.606999       1.36822      0.151995      0.718981
      0.799534       1.35427      0.317479      0.685085
       1.03877       1.33786      0.331014      0.502019
      0.542799      0.841576      0.915936      0.588989
      0.737807      0.732505       1.22104      0.286426
      0.507142      0.284613      0.422342      0.923734
      0.752277      0.141384      0.505048        1.0318
      0.767371      0.363707      0.732463      0.715647
      0.625433      0.432204       0.94275     0.0207788
      0.663416      0.573914       1.02453     0.0948463
      0.536911       0.31993       1.11486             0
       0.57151      0.575068      0.529451             0
      0.730903      0.232348      0.833868      0.624216
      0.964102      0.497993      0.682765      0.364012
      0.749546      0.174673      0.680404       1.18704
      0.857943      0.255971      0.834683       1.21498
      0.821362      0.222689       1.47482       1.16861
       1.03336      0.770846        1.9001       0.59252
       1.47949      0.252131         1.866      0.870745
       1.17654      0.117567       2.56069      0.880646
      0.974797       0.14764       1.37272      0.853003
      0.907462             0      0.591605      0.983865
       1.16204      0.537489        0.5285      0.707096
        1.1841      0.379446      0.591308       1.12215
       1.05202       0.98859       1.01475      0.662735
        1.0301      0.616009      0.953459       0.65769
      0.878679      0.113892       1.42509       1.34011
       1.32692             0      0.504956       2.27124
       1.04332      0.565205      0.677033        2.5288
      0.717505      0.192168      0.508302       2.80977
      0.814785      0.399855      0.309528       3.43339
       1.17317      0.309675      0.541715       2.12213
      0.954913      0.740631      0.505988       2.36648
      0.892376      0.976689      0.217915       1.76742
       1.16579       0.87869      0.369306       1.14917
      0.780984      0.945134      0.599884       1.70855
      0.760925       1.47866      0.623649       1.21893
      0.667963       1.33875      0.413457      0.628529
      0.651364      0.876143      0.330893      0.919644
       0.62636      0.421685      0.254025      0.829284
      0.733311      0.159137       1.25098        1.1199
       1.09368             0      0.595786      0.780953
       1.06618     0.0629727       1.55633      0.311872
        1.0486      0.207038       2.10525      0.571391
       1.09491      0.157898       1.31934      0.363682
       1.11749      0.262772       1.84192     0.0672941
       1.62541      0.394615       1.29147     0.0625451
        1.8647     0.0887602       1.52508      0.985393
       1.67752      0.556359       1.10439      0.967737
       1.74203      0.439317      0.852089     0.0375468
        1.7789      0.424769      0.363823             0
       2.20946       1.12969      0.490528     0.0828866
       2.18265      0.554509      0.487345      0.355907
       2.17641       1.46268      0.546881      0.035262
       2.10926       1.92284      0.252493             0
       2.36152       2.16276      0.205694     0.0740653
       2.55838       1.08115      0.139627      0.613849
       2.34286       1.17332      0.258533      0.159953
       3.06062       0.93334      0.811041       1.20667
       2.94857       1.61427      0.480475      0.246263
       2.80052       1.10322      0.155237       1.03359
       2.87082       1.72154      0.205248       1.00317
       2.21313        1.1731      0.470753       1.43938
       1.71712       1.08062      0.759658       1.35464
       1.56042       1.67257      0.960005      0.649041
       1.68048       1.27808      0.897399      0.877232
       1.59266       1.06015      0.547497      0.514811
       1.54754      0.728324      0.337308      0.471282
       1.45343      0.876401      0.953289      0.196264
       1.71233       1.08993      0.335046     0.0156418
       1.32857       1.13076      0.718121      0.594627
       1.29511      0.597091      0.129394       1.57838
       1.38359      0.749646      0.155122       1.83324
       1.43805       1.63294             0      0.559941
       1.62532       1.79446       0.14385      0.260781
       1.12879       1.61529      0.133109      0.356714
      0.733455       1.14856      0.279214      0.680684
       1.06851       1.79335      0.485404             0
      0.785099       1.38887      0.723987     0.0260386
      0.956071       1.09119       1.52935             0
       1.33393      0.787829      0.460772      0.679291
       1.11539      0.588089      0.187238      0.564135
       1.10166      0.724103     0.0723111      0.264891
       1.18639      0.674908             0      0.442424
       1.31907      0.716249      0.234933      0.284046
        1.0432       1.01217      0.297521     0.0527834
       1.19045        0.4095             0      0.641031
       1.18331      0.131334     0.0918367       1.01549
       1.14508             0      0.676765      0.737252
       1.54197      0.141059       1.00016        0.1371
       1.68047      0.269482             0    0.00458224
       1.59566      0.138896      0.498981      0.520712
       1.24879     0.0540805      0.113674      0.593995
       1.43707      0.785439      0.341979      0.162843
       1.59523      0.676009             0      0.535972
       1.68476      0.858204       0.18689       0.37985
       2.15804      0.552471     0.0816237      0.268249
       1.95103     0.0360378      0.319442      0.393692
       2.23892      0.191988       0.84554      0.133948
       2.04091      0.180473       1.72145             0
       2.00379       0.13383       2.16373      0.403078
       2.21294      0.197322       1.40992      0.370846
       2.32839   8.97875e-06       1.49117      0.396492
       2.48798      0.658059       2.74119      0.437147
       2.33236       0.59916        3.4214       0.25651
       2.19199      0.745998       3.54568       0.27242
       2.23064       1.16336       2.33862      0.780422
       2.27761       1.03513       2.34643       2.50945
        2.1966       1.15734       2.95498       1.40336
       1.78761       1.53109       3.54996       1.17868
       1.93197       1.86819       3.92273       0.81408
       1.71382       1.95013        3.0398       1.15738
       2.62752       2.00405       2.09969       1.53713
       2.33007       2.20526      0.893854         1.896
       2.27793       2.80203       2.37157             0
       2.26164        2.2227        1.5493      0.409146
        2.5616       1.75602       1.26053       1.33673
       2.06649       2.05637       1.32919      0.226171
       1.85198       1.53291       2.73498      0.427439
       2.37918         1.284       2.51302      0.720457
        2.4686       1.34892       1.92186      0.618311
       2.48332      0.961042       1.26388      0.569518
       2.29067       1.34035       1.43499      0.912936
       2.51692       1.79387       1.58899       1.20281
       2.55325       1.96342       1.47866      0.960498
       2.27873       1.82557       2.38616      0.986841
       2.47428       1.81107      0.909706       1.38473
       3.04726       2.29849        1.3529      0.978193
       3.07553        2.0869       2.32909       1.12659
       2.88535       1.93356        1.4847       1.57104
       3.09109       1.64313       1.60208       1.85543
       3.35876       1.08082      0.986878       1.85997
        3.4571       1.04524       2.23336       1.94629
       3.45892      0.928829       2.04616        2.1878
       3.49939        1.6343       3.30279        1.1353
       4.04484       1.89563       3.13939      0.348497
       3.90197       1.08756       2.26335       1.41087
       4.05789       1.36935       1.04251       1.51581
       3.78344       1.82214      0.384334    0.00100227
           3.8       1.48108      0.286732      0.288879
       3.63862       1.50057      0.802671      0.388186
       3.96944         1.413      0.725119      0.262145
       3.97772       1.46739      0.697304      0.339062
       4.24259        2.7292       1.36692      0.212862
        4.0036       1.44276       1.57684       1.81743
       3.69368      0.635528       2.33856       2.22337
       3.36762       1.23799       2.74594       2.39795
        3.3584      0.949937        2.7581       2.45112
       3.67235      0.640756        1.8502       2.05225
       3.86681      0.276234       3.02957        1.4785
       4.01238      0.107388       2.45414        1.0948
       3.90179      0.552104       2.00906       1.04453
       3.78929     0.0276952       1.23394       1.89141
       4.06417             0      0.757453       2.36002
       3.65056             0      0.568803       1.57432
       3.59419      0.956063      0.963506      0.951713
       4.22622      0.907339       1.88613       1.21469
        4.0265      0.452165       2.39593       1.47111
       4.07358      0.620994       2.71987      0.654746
       3.59969             0        2.1318       1.76702
       4.03358      0.119447       1.41223        1.4546
       4.14774      0.728645      0.672542      0.431226
       3.92218      0.271388      0.435031       0.54016
       4.08347      0.176644      0.532121      0.597616
       3.73918      0.409788      0.261526      0.729075
       3.56287      0.387796      0.592273       1.28199
       3.58966      0.610758       0.88772       1.37323
       3.93077      0.111784       0.28439       3.15997
       3.85631      0.554315       0.54041       2.95334
       3.67463      0.452546      0.600032       2.67742
       3.69408       1.31303      0.925047      0.600892
       3.55258        1.5417      0.294215     0.0918113
       3.37841       1.36161       1.10063      0.422232
       3.38934      0.908857       1.64998      0.133596
       2.82441      0.882256      0.965681      0.882445
       3.19493       0.91179       0.49494      0.343055
       3.01351      0.902665      0.511455       0.50906
       2.94422       1.29727      0.743735             0
       2.77045       1.22623       1.19929      0.618049
       2.86321      0.961931        1.3842       1.11915
       2.80605       1.15086      0.733794      0.695083
       2.96693        1.2366      0.399003       1.13136
       2.78465       1.35397      0.267082       1.55984
       2.79741        1.8293      0.186078      0.811288
       2.49793       1.88502     0.0330108       1.13697
       2.41606        2.2963             0       1.02466
        2.0717       2.38871      0.605946      0.843203
       2.10023       2.88111      0.471508      0.490827
       1.74338       2.08222      0.721138      0.720429
        2.0358      0.924812       1.08896      0.805421
       1.94375      0.375944      0.333763        2.0139
       1.89195      0.692503       0.44846       1.17167
       1.42075       1.06565       1.51821       0.80215
        1.2832       1.47207       1.83853       1.03257
       1.52415       2.11121      0.645523      0.302897
       1.53719       2.04597      0.461057     0.0865017
       2.02588       2.93558      0.912073             0
       1.90688       2.40209      0.661998      0.362481
       1.74143       1.91536       1.48788      0.593804
       1.17759       1.36277      0.576094       1.35869
       1.44435       1.55091       1.01624       1.03329
       1.84399       1.58411      0.766692      0.266545
        1.7078        1.7306      0.899952      0.492128
       1.53515       0.69894       1.65051       1.21054
       1.73007      0.677298       1.42486       1.30929
       1.88108      0.911872       1.07138      0.773249
       1.98332      0.483838      0.618459        1.3805
       2.01554      0.514295       1.11122       1.33398
       1.41246      0.251254      0.235258        2.2779
        1.4483      0.893157      0.586198       2.00928
       1.16336      0.831964       1.28264       1.55727
        1.0358      0.964594      0.829375       1.69889
      0.994544      0.921705       1.26534       1.98668
        1.1461      0.996143      0.399764       2.55128
       1.01326       1.12949      0.486223       2.62982
       1.24162       0.32321      0.141393       4.18968
       1.24288      0.223923      0.113708       3.61738
       1.25033      0.146338      0.227918        2.3902
        1.0005      0.678359      0.560226         2.162
       1.11107      0.361783      0.362952       2.41162
       1.15223      0.307501       1.22953       1.86495
       1.21532      0.298858       2.17968       1.29481
         1.252      0.428363       1.64543       2.36018
      0.991574       0.68054       1.01903       3.02431
       1.26364      0.467017       1.25747       3.05924
        1.1647      0.307965      0.954565       4.72606
       1.42339      0.334966      0.417182       3.97911
       1.51865      0.993603       1.16134       2.65956
       2.01786        1.3525      0.772938       2.41428
       2.30462       1.14428      0.266505       2.57546
       2.07481      0.631273       1.11431       2.65182
       1.60614       1.13889       1.46085        2.1369
       2.06764      0.912601      0.802387       2.33715
       2.10371       2.57086       0.94925      0.773089
       2.24928       2.54781      0.416618       1.18213
       2.47361       1.37907      0.563731       1.58357
        2.4184       1.61124      0.953511       1.41362
        2.3161        1.5707      0.880517        2.1024
       3.01152       1.42812        1.2436       1.97877
       2.74291       1.80731       2.13755      0.838984
       2.69772       1.39979       3.33916      0.763102
       2.53271       1.69723       1.97965       1.38762
       2.70847       1.08579       2.65064       1.31639
       2.16545       1.13472       2.14901       1.67059
       2.42913       1.42222      0.504729       1.90266
       2.41451       2.78198      0.955318      0.637837
       1.79983       2.47907       1.42373      0.577201
       1.46209       3.36744       1.24596             0
       1.10453       2.73406       2.25056       0.48424
      0.965704        2.3357       2.28439      0.501484
       1.05765       1.82304       2.40372       0.97669
       1.03112       2.37994       2.36247      0.969521
       1.38217       1.83696       1.39811       1.83146
       1.01857       1.78213       2.04121       1.80587
       1.06256       3.42164        1.8911      0.659154
       1.29025       3.34999        1.3965      0.354674
        1.0229       3.55091       2.30392      0.377081
      0.844472       3.54357       1.70109      0.986708
      0.663455       3.77315       1.58173      0.665733
      0.813005       3.61173       1.82658     0.0883615
      0.922495       3.68913       2.00875      0.256785
       1.07301       3.29814        1.1537      0.999211
      0.859556       3.06554       1.44997       1.12771
       1.04528       2.71035      0.889517       2.09245
      0.855014       2.85063        1.1482       2.49615
      0.745348       1.94008       1.73487       3.32286
       1.03633       1.86169       1.08699       3.53507
       1.13852       1.51832      0.342929       5.12055
       1.21838       2.38551             0       4.83889
       1.32935       2.64932       0.72428       4.49636
        1.4042       1.99815      0.750609       4.97588
       1.25746       1.99195             0       3.64198
       1.16479      0.974663      0.230051       4.57608
       1.10985      0.519125             0       3.73133
       1.05226       1.25649      0.680236       2.36333
      0.839897      0.582588       1.48105       2.10117
      0.959235      0.187105       1.24202        2.3152
      0.965086      0.465865      0.897305       2.05013
      0.844765      0.964173      0.260479      0.702267
      0.942636      0.468852       1.21253      0.745262
      0.772099      0.372987       1.49546       0.77708
      0.420064      0.649499       2.45923      0.936071
      0.698429      0.441297       2.06209       1.28183
      0.511572       1.42019       1.31322      0.790638
      0.724623       1.37867       1.07079       1.18533
      0.614071      0.932972       1.03067       1.61975
      0.921946       1.38035       1.42767       1.47964
      0.849198       1.75586       1.22617       2.22424
      0.801264       1.81927       1.19983       1.92185
      0.692847       1.09756       1.71618       1.82892
      0.860485       1.47241      0.919794       2.02757
      0.896046       2.12753      0.515038       1.93165
       1.13529        1.2832      0.279598       2.69414
       1.05536       1.35993      0.327624       3.17826
       1.08373       2.19436      0.570774       1.38023
      0.809888       3.66628      0.890015       0.10431
      0.846312       2.95396       1.00369       1.24968
      0.763438       2.60996      0.774673       1.57188
      0.466462       2.05215         1.014       1.94391
      0.266622       1.32317      0.819215       1.78788
      0.241135       0.41066       1.03675       2.56889
      0.359672      0.459272      0.301517       2.52209
      0.356399      0.319502      0.490996        3.3186
      0.607405       1.65641      0.570652       1.82582
      0.590042       2.36327      0.616768       1.40834
      0.456438       2.49762      0.607899      0.785369
      0.387849       2.95606      0.836982       1.03951
      0.646918        2.9485     0.0764184      0.532357
       0.64566       3.23286      0.150712      0.367899
      0.477343       3.22645             0      0.756872
      0.649178       3.50771       1.05028      0.804143
      0.738875       3.37397      0.124113       1.92672
       1.16704       2.60183      0.281471       2.67951
       1.12327       2.58472     0.0831207       2.45632
       1.37195       1.94856             0       2.60248
       1.43718       1.56648      0.487471       2.84158
       1.58269       1.52805      0.706164       2.18385
       1.93859       1.84763      0.682119       2.74256
       1.80184       2.21252      0.680914       1.81789
       1.67678       1.38563       1.34729       2.22528
       1.17487       1.56413      0.836653       3.17392
       1.10854       1.36206       1.92444       3.77397
      0.568597       1.38657       2.65421        3.1625
      0.870404       1.76176       1.58187       2.38539
       1.19828        1.4316       1.56876        2.6414
       1.48374       1.98829       1.20188       1.78323
       1.14287       1.21816      0.873473       2.49717
       1.13794       1.84726      0.640951       1.71359
       1.06037       1.90267        1.4369       2.15539
       1.09145             0      0.701563       4.26608
       1.33754       1.12098      0.474397       3.07958
       1.31944       1.28254      0.453456       1.62849
       1.52434       2.14328      0.590902        1.2407
       1.08803       1.70577       1.32571       1.13406
       1.53147       2.00502      0.758162      0.284856
       1.80738        1.6842       1.37635      0.231194
       1.75714       1.28222       1.31213       1.02555
       1.82947       1.68997      0.475078      0.803395
       1.61845       1.35421      0.460415       1.52638
       1.51131       1.87641     0.0130156       1.41656
       1.56129       2.58024      0.482599      0.472462
       1.45851        2.6506             0      0.913478
        1.3518       3.62927             0      0.204547
          1.62       4.07756      0.512412             0
       1.70988       3.69458       1.53354      0.953526
       2.05151       3.27905       1.53825      0.942469
       1.60709       3.15333       2.07239       1.84966
       1.22101       1.66237       2.32351       2.92035
       1.73155       1.49115         2.075       3.13404
       1.95121       1.24198       1.91523       4.24954
       2.00634        1.2703       1.52567        5.1425
       1.69952       1.50948       2.08257       3.28915
       2.07707       1.83767       2.41245       2.98934
       2.24615       1.80907       2.54833       2.75841
       2.31426       2.48744       2.75944       2.01979
       2.85059       2.58609       2.12346       2.38641
       2.87081       2.97789       2.20984       2.21401
       2.69159       2.93857       2.06153       2.25785
         3.128       3.17196       1.18599       3.49069
       3.63503       3.34213        1.4663       4.17727
       3.84577       2.13725       1.08644        5.9018
       3.68259       3.16681       1.00261       4.23076
       3.86008        1.0704      0.984624       6.10013
       3.72645       1.13611       1.67854       4.20422
       3.43542       1.06187      0.656462       4.35111
       3.10599        2.8554       1.30684       2.07042
       3.12257       3.43011       2.69879      0.989845
       3.24335        1.4677       1.67464       2.48654
       2.99395       1.48266       2.11223       2.54177
       2.37786        2.4246       3.32376       1.67242
       2.22004        2.7171       3.18074       1.53597
       2.07085        2.1529        3.5756       1.43453
       2.50595       1.96258       3.06372       1.47245
       2.34471       2.65893       2.21126        1.6182
       2.57196       3.37596       3.08532       0.82298
       1.91207       3.47019       3.18642             0
       1.93744       3.10756       2.73035      0.507844
       1.80848       1.70813       2.79368       1.61281
       1.85764       2.17777       2.04527       1.28248
       1.73764       1.64221       2.40215       1.28607
       1.37504       1.73685       3.15796       1.32589
       1.73077       1.91234       2.39971       1.40504
       1.71369       1.51796       2.38742       1.22568
       1.77151       1.29288       3.24012       1.03138
       2.87275       1.10221       2.28801       1.33691
       2.93301      0.516674       2.67984       1.23076
       3.05233       0.36658       2.47838        1.2733
       2.39529       0.71211       2.75455      0.400416
       2.93368       1.06029       2.38907       1.18077
       3.31983       1.66022       2.31317      0.518364
       3.55422      0.491399       2.43599        1.7836
       3.63591      0.156204       1.68715       3.06238
        2.6808       1.46424       1.09866       2.23954
       2.19627       1.64481       1.83746       1.53792
       2.54901       1.36134        1.9948      0.838551
       1.97653       1.49915       1.22854       1.00858
       2.43992       1.04932       1.01587       1.35836
       2.56416       1.63415       1.19751      0.309427
       2.48173      0.920953      0.508316       1.14673
       2.50609      0.995096             0        1.4063
       2.66652       1.25415       0.48238      0.937218
       2.53449       1.74701      0.912249      0.556036
       2.34028       2.24948       1.33278             0
       2.57375       1.65142        2.0339      0.311462
       2.46997       1.98645       1.01216      0.341053
       2.32084       1.91583       1.08874      0.898049
       2.78124       2.33766       1.44432      0.696928

